d    |   A*(h1) SC  |   A*(h2) SC  |  A*(h1) RunTime (ms)  |  A*(h1) RunTime (ms) 
2           5.04            5.04               0.05                  0.185
4           8.78            8.57               0.06                  0.095
6         15.625           13.29              0.075                  0.045
8         30.065          19.995               0.07                  0.015
10        68.205          33.015              0.125                  0.035
12       158.015           56.93               0.21                  0.055
14       374.805         107.345               0.93                   0.23
16        899.53         201.595              2.065                  0.155
18      2287.545         376.425              12.53                  0.555
20       5598.81         666.505             51.375                  0.945